11

0	0	731	730	0	356	0	695	0	0	0
0	0	416	175	135	665	851	680	609	0	424
731	416	0	576	481	407	871	0	603	0	0
730	175	576	0	296	500	553	338	248	0	0
0	135	481	296	0	932	0	936	0	819	176
356	665	407	500	932	0	873	0	0	433	0
0	851	871	553	0	873	0	549	848	836	0
695	680	0	338	936	0	549	0	0	869	0
0	609	603	248	0	0	848	0	0	0	856
0	0	0	0	819	433	836	869	0	0	944
0	424	0	0	176	0	0	0	856	944	0
