9

0	639	0	598	177	0	0	349	0
639	0	0	0	785	560	0	0	454
0	0	0	0	0	89	0	0	0
598	0	0	0	750	833	0	0	0
177	785	0	750	0	247	0	0	0
0	560	89	833	247	0	0	0	765
0	0	0	0	0	0	0	325	107
349	0	0	0	0	0	325	0	207
0	454	0	0	0	765	107	207	0
